6;
8;
0.420696;1.32081e-32;8.05935e-08;0.341961;1.69759e-23;0.237343;
3.65377e-14;0.500293;0.00209386;2.17574e-21;0.497613;1.99453e-10;
1.63447e-31;9.16134e-18;1.77543e-09;0.251754;0.748246;1.11035e-23;
5.09602e-20;0.170895;0.342239;0.486866;1.70465e-24;4.48109e-13;
1.2329e-07;3.26876e-25;6.93114e-09;2.6221e-09;0.000184651;0.999815;
0.635283;1.22105e-33;9.22324e-12;2.17479e-09;0.0215946;0.343123;
0.175502;2.19165e-20;0.0713071;2.89938e-10;1.7826e-131;1.23535e-195;0.0014238;0.751767;
1.92476e-32;1.12997e-07;4.71149e-12;0.00141704;0.998582;3.73554e-07;2.30283e-42;8.0997e-118;
5.95709e-28;0.000161629;0.00301633;0.748242;1.82373e-22;0.24858;3.22342e-34;1.40635e-61;
0.16535;0.597332;0.237318;9.22378e-09;1.14258e-08;4.88084e-92;1.14452e-16;1.82803e-15;
0.159008;0.159002;0.207935;0.474054;8.32779e-12;1.59519e-90;7.70249e-15;6.92529e-17;
0.104324;1.1245e-37;0.199247;6.60127e-23;3.09382e-101;1.17322e-74;0.696106;0.000323088;
0;1;1.35002e-106;1.58747e-33;1.7676e-134;0;
-163.884;