6;
8;
0.988191;0.0118091;4.67493e-210;0;0;0;
0;0.969362;0.0300251;0.000612757;0;0;
0;0;0.982963;0.0170373;9.58074e-32;0;
0;0;0;0.960333;0.0396674;0;
0;0;0;0;0.989899;0.010101;
0;0;0;0;0;1;
0.999762;0;0;0;0;0;8.82717e-11;0.000238284;
2.27644e-08;0;1.0479e-41;4.39788e-06;0;1.06702e-11;0.972446;0.0275501;
1.17217e-193;0;3.7577e-43;0.00105914;0;0.998941;8.77564e-08;2.49467e-14;
0.000308381;0;6.51762e-12;0.998874;0;4.46972e-08;0;0.000817368;
0.292447;0;0.690911;0.00381529;9.34855e-34;0.00646469;0.00636187;2.55629e-13;
6.33952e-10;0.176267;3.29138e-106;0;0.227394;0.00117684;0.0483175;0.546845;
1;0;0;0;0;0;
-498.831;