6;
8;
4.36317e-16;1;0;0;0;0;
0;0.856893;0.143107;0;0;0;
0;0;0.783405;0.216595;0;0;
0;0;0;0.286306;0.713694;0;
0;0;0;0;0.744087;0.255913;
0;0;0;0;0;1;
4.36317e-16;0;2.41629e-53;0;2.73777e-217;0;1;0;
0.143107;0;0.713779;0;0.143107;1.73931e-38;6.56884e-06;0;
0;0;0.00265759;0;5.69481e-12;0.433189;0.564153;1.54509e-209;
0;0;4.29454e-38;0;0.0047893;0;0.995211;2.08693e-45;
8.8943e-245;0;1.31622e-12;6.62628e-69;0.960339;3.81376e-22;0.000219311;0.0394414;
0.153505;0.0511685;0.281427;0.0255842;0.159663;0.0511685;0.102337;0.175147;
1;0;0;0;0;0;
-178.588;