6;
8;
0.564813;1.2761e-12;1.33648e-25;1.98757e-06;0.435185;1.08733e-18;
1.0166e-41;0.200039;0.402915;1.59666e-20;6.22892e-17;0.397046;
1.5433e-25;9.70444e-09;0.000298099;0.833085;0.166617;1.96764e-61;
0.228405;5.60439e-23;1.05969e-35;0.771595;2.18749e-07;0;
3.13432e-38;0.66949;7.25222e-17;6.17836e-14;5.49342e-20;0.33051;
1.70452e-32;2.14976e-20;1;3.02107e-14;3.49549e-12;1.42887e-21;
0;3.02659e-26;1.93366e-201;0.746187;6.06232e-152;0.252967;4.2377e-28;0.00084633;
0;3.83785e-212;1.17339e-09;1.46234e-47;0.995539;5.19269e-55;0.0044613;5.15726e-104;
0;2.46884e-129;5.27841e-31;1.80283e-13;2.59136e-44;6.67816e-99;1;2.6136e-15;
0;0.0414238;2.5759e-197;0.379059;4.55273e-125;1.06179e-14;7.95305e-18;0.579517;
0;1.36101e-109;6.38366e-136;1.9878e-12;2.7462e-18;6.16149e-11;1;1.88247e-73;
0;0;0.502918;1.83703e-55;0.000247344;4.8071e-95;0.496835;2.13026e-118;
2.69248e-37;3.74687e-260;5.93899e-114;1;2.02063e-116;4.69087e-269;
-115.128;