6;
8;
0.909235;0.0818894;0.00887603;0;0;0;
0;0.85813;0.0786235;0.0632461;0;0;
0;0;0.979491;0.0205093;1.49383e-31;0;
0;0;0;0.877505;0.0612479;0.0612471;
0;0;0;0;0.999961;3.93947e-05;
0;0;0;0;0;1;
2.04038e-14;0.0454385;4.84729e-219;9.42519e-19;0;0.953037;0.00152461;1.11561e-106;
0.78204;0.0631495;3.77006e-06;0.000200672;2.91253e-191;1.9557e-07;0.154606;1.03468e-29;
0.0360094;0.123435;0.411699;1.87654e-08;2.73671e-203;0.428857;5.08685e-53;8.22821e-34;
0.913682;3.64674e-05;1.10261e-05;0.0829322;5.5718e-36;4.50331e-26;1.79279e-50;0.00333872;
0.0295463;0.0367755;0.235362;1.51553e-22;6.18949e-35;0.338334;0.272123;0.08786;
0.0796903;0.134077;0.13827;0.132585;0.12151;0.0921798;0.0921884;0.209499;
1;0;0;0;0;0;
-588.873;