6;
8;
0.988368;0.011632;0;0;0;0;
0;0.771733;0.228267;0;0;0;
0;0;0.963147;0.0368528;0;0;
0;0;0;0.966483;0.0335165;0;
0;0;0;0;0.982129;0.0178706;
0;0;0;0;0;1;
0.186112;0.225821;0.0118656;7.84719e-112;0.081843;0.331511;0.02908;0.133768;
1.20343e-08;0.669801;0.225082;1.43167e-33;0.105115;2.44283e-06;6.68491e-37;1.34892e-36;
0.128985;0.116158;0.27617;0.110558;0.313377;0.0547516;5.01749e-09;1.33763e-57;
0.228495;4.20119e-13;4.12301e-10;8.99428e-107;2.68836e-143;0.000620585;0.519506;0.251378;
0.201606;0.114578;0.171271;0.153243;0.1262;0.160989;4.71068e-08;0.0721124;
0.127516;0.284225;0.127516;0.114764;0.280535;0.0271898;0.0382547;0;
1;0;0;0;0;0;
-760.328;