6;
8;
0.980695;0.0189185;0.000386084;0;0;0;
0;0.945552;0.0544478;0;0;0;
0;0;0.976213;0.0237869;0;0;
0;0;0;0.978974;0.0210261;3.10065e-264;
0;0;0;0;0.977827;0.0221729;
0;0;0;0;0;1;
0;1.06217e-204;0.0181463;0.000386337;0.000386509;0.980673;0;0.000407411;
0;1.22915e-144;0;0.63226;4.30626e-07;1.89052e-11;0;0.367739;
5.34916e-17;0.640343;0;1.36431e-14;0.359657;0;0;0;
0.999141;3.07179e-15;0;0;0;0;0.000859146;0;
0.000907064;0;1.27052e-129;0;0;0;0.999093;0;
0;0;1;0;0;0;8.81874e-11;0;
1;0;0;0;0;0;
-132.158;