6;
8;
0.879473;0.120527;2.31065e-82;0;0;0;
0;0.82486;0.17514;2.61911e-55;0;0;
0;0;0.83313;0.16687;2.62488e-48;0;
0;0;0;0.781619;0.218381;0;
0;0;0;0;0.970418;0.0295822;
0;0;0;0;0;1;
0.120527;0;0.602634;0;0.120527;1.09898e-13;0.156312;7.26924e-204;
2.02454e-110;0;1.76229e-07;4.50018e-229;0.0011628;0.350279;0.648558;3.60669e-31;
7.15847e-125;0;4.48423e-05;8.46639e-29;0.666373;3.63416e-76;1.46743e-08;0.333582;
0.000695557;5.36031e-33;0.780715;0.218381;1.70107e-37;5.4259e-114;7.61198e-101;0.000207823;
0.151167;0.0698755;0.231942;1.91571e-13;0.209626;0.0698755;0.0928254;0.174689;
0.439583;0;0.206889;0;0;0;0.353528;0;
1;0;0;0;0;0;
-175.872;