6;
8;
0.884762;1.96516e-73;0.0121201;3.27806e-42;0.0376152;0.0655031;
3.19e-160;0.754461;0.0319317;0.209757;0.00384977;2.52009e-106;
2.80991e-32;0.102809;0.811984;0.000376487;0.0245585;0.0602717;
2.18168e-69;0.187952;0.0437556;0.532585;0.235707;7.474e-31;
0.0110738;0.0002624;0.030455;0.150008;0.741084;0.0671168;
0.095256;0.0126291;0.0685936;2.05287e-27;0.0280526;0.795469;
3.79863e-35;8.76387e-52;3.587e-92;1.47709e-93;1.11303e-113;0.0101061;0.473053;0.516841;
5.06683e-07;1.11957e-08;0.00241701;0.372701;0.624882;2.24037e-41;0;1.25842e-101;
0.000643301;0.971973;1.07878e-21;1.0188e-13;0.0179546;0.00942883;3.04776e-54;9.00757e-53;
0.000245533;0.158347;0.655122;2.60716e-06;0.186282;3.73215e-21;0;1.28674e-104;
0.921351;0.0200023;0.022584;4.26766e-36;2.17203e-24;0.036063;1.70708e-36;4.9349e-34;
7.34651e-07;1.7103e-24;1.08051e-60;1.94078e-50;8.93372e-57;0.956828;2.25559e-20;0.0431713;
0.635889;9.93036e-25;7.58657e-228;0.364111;1.68978e-38;1.22634e-63;
-398.609;