6;
8;
0.702486;1.60347e-15;0.142096;5.64269e-16;0.155316;0.00010192;
1.10401e-49;0.695744;0.220658;9.2518e-08;0.0835977;2.96628e-32;
1.83998e-12;2.21716e-13;8.70285e-08;0.994807;0.00519262;3.07087e-12;
3.82929e-05;0.00071284;0.23577;0.173588;1.94351e-09;0.58989;
1.25849e-28;0.21099;2.60913e-12;0.239298;0.549712;9.82852e-22;
0.331538;0.308318;1.18301e-09;1.97314e-05;1.3741e-13;0.360124;
2.19942e-12;0.13707;2.00936e-320;4.13782e-23;1.08708e-57;0;7.33846e-55;0.86293;
5.62229e-13;5.28119e-11;0.119881;0.220901;0.299688;1.14514e-28;0.359531;2.1188e-28;
0.661744;0.197124;2.08294e-35;6.98192e-27;2.91311e-40;0.141091;4.12512e-05;3.06331e-15;
5.64702e-12;1;3.55099e-82;1.56683e-10;1.8716e-21;1.59063e-07;1.50889e-21;7.61189e-12;
0.76608;1.92038e-11;1.53182e-13;0.2336;4.26578e-05;6.20841e-14;0.000277707;3.72445e-20;
1.55373e-20;0.356471;3.41682e-262;2.39782e-11;5.44079e-15;0.641144;1.04412e-12;0.0023858;
0;1;3.57105e-119;8.35803e-229;1.48907e-42;2.17393e-148;
-163.968;