6;
8;
0.954318;0.0456818;2.45768e-293;0;0;0;
0;0.989634;0.0103659;1.36907e-20;0;0;
0;0;0.984703;0.0152974;1.58995e-140;0;
0;0;0;0.987495;0.0100198;0.00248533;
0;0;0;0;0.980311;0.0196889;
0;0;0;0;0;1;
0.127909;0.688996;0;0;0.128213;0.0119404;0;0.0429409;
0.000218914;0.141364;0;3.23669e-100;0.346565;0.511852;1.37101e-71;1.64098e-20;
0.19684;1.27e-07;0;0.0239516;1.46776e-48;2.07233e-261;0.779208;0;
0.761216;0.19433;0;0.0415674;6.84523e-72;0;0.00288643;0;
0.00538098;4.14067e-38;6.05774e-261;1.63035e-06;0;0;0.994617;0;
4.9507e-10;6.30047e-75;0.103227;0.605296;0;0;0.231452;0.0600248;
1;0;0;0;0;0;
-640.814;