6;
8;
0.0937112;0.453144;0.453144;0;0;0;
0;0.787788;9.69857e-79;0.212212;0;0;
0;0;0.937706;3.96598e-66;0.0622942;0;
0;0;0;0.829201;1.11852e-07;0.170799;
0;0;0;0;0.9866;0.0133996;
0;0;0;0;0;1;
2.62241e-45;0;0.509399;0;3.69629e-164;5.27939e-71;0;0.490601;
0.178427;0;0.821572;7.44117e-86;7.52977e-07;8.5235e-137;0;9.69857e-79;
1.21601e-103;1.21446e-32;4.62406e-50;7.12556e-291;1.6063e-166;0.0715845;0;0.928416;
0.0271883;8.05221e-09;0.0172531;0.322739;0.63282;3.6558e-30;6.95164e-314;1.04584e-160;
0.281391;0.132597;0.0133996;2.81994e-50;2.55638e-19;0.518856;0.0401733;0.013582;
0.165552;0.199988;0.110114;0.0791246;0.168955;0.105452;0.0946064;0.0762067;
1;0;0;0;0;0;
-809.527;