6;
8;
0.00788665;0.491589;0.00446782;0.496057;0;0;
0;0.841911;0.158089;0;3.20393e-61;0;
0;0;0.89964;9.5464e-279;0.10036;1.47541e-196;
0;0;0;0.74195;2.77897e-18;0.25805;
0;0;0;0;0.986587;0.0134128;
0;0;0;0;0;1;
8.72338e-123;0;0.500397;0;0;1.67555e-155;0;0.499603;
0;0;1.63526e-207;0;0;3.79911e-19;0;1;
2.28533e-207;1.20796e-42;2.39635e-67;0;0;0.125794;0;0.874206;
0.0124648;0;0.987535;4.27513e-207;2.21192e-14;7.61798e-238;0;1.57813e-226;
0.28167;0.133056;0.0134128;2.52332e-317;1.41836e-25;0.518049;0.040217;0.0135951;
0.165113;0.196426;0.108862;0.0826189;0.175565;0.103592;0.0929503;0.0748733;
1;0;0;0;0;0;
-810.823;