6;
8;
0.571429;5.28464e-34;0.142825;3.93523e-10;4.74179e-18;0.285747;
0.514305;0.484735;5.88404e-05;0.000901236;8.10292e-20;6.52391e-62;
3.72125e-27;2.79354e-08;0.71088;0.203389;0.0857311;1.87895e-61;
8.65375e-25;0.439561;0.557826;0.00261324;6.93058e-19;2.25998e-54;
1.09426e-125;3.47538e-24;7.9352e-19;1.26979e-17;0.69443;0.30557;
9.2486e-128;2.39787e-10;0.449672;0.324925;5.23391e-15;0.225403;
3.70226e-60;6.01696e-51;2.6269e-08;8.04051e-68;7.93967e-18;0;7.6276e-11;1;
3.67234e-20;1.0811e-29;0.240007;1.42227e-37;0.759993;7.41239e-258;2.61115e-136;7.71081e-12;
0.279825;0.0821142;0.596909;0.0411495;2.56636e-06;5.59041e-35;8.79801e-19;6.98334e-59;
0.0291257;0.000660948;0.0137033;3.22889e-06;0.956507;4.88744e-233;1.67413e-17;9.33416e-60;
2.2054e-08;4.76414e-100;6.34207e-17;9.15627e-84;2.20439e-84;0.61114;0.38886;4.35646e-260;
5.49127e-20;8.4408e-116;6.33015e-05;1.29362e-115;5.47025e-20;1.0755e-25;0.999937;3.97886e-12;
1.12634e-149;0;8.81898e-281;1.31403e-299;1.18222e-172;1;
-150.14;