6;
8;
2.99523e-33;1;5.2116e-34;1.18347e-93;0;0;
0;1.88647e-10;1;5.44784e-44;4.63825e-41;0;
0;0;0.833329;0.166671;2.68587e-33;0;
0;0;0;0.829709;0.170291;0;
0;0;0;0;0.975889;0.0241107;
0;0;0;0;0;1;
2.99523e-33;0;2.20597e-80;0;1.79181e-241;0;1;0;
1;0;1.88647e-10;0;2.83272e-47;0;2.17659e-188;0;
8.6862e-35;0;0.833329;0;0.166671;1.2917e-59;3.43256e-07;0;
1.11538e-174;0;2.45735e-05;7.3098e-277;0.000852528;0.340084;0.659039;1.73664e-44;
0.1069;0.0516221;0.260717;0.0258111;0.257981;0.0516978;0.0645938;0.180677;
0.423825;0;0.205033;0;0;0;0.371141;0;
1;0;0;0;0;0;
-180.676;